1 [1, 0, 0, 0, 0] 1
1 (0, 1, 0, 0, 0) 2
1 (0, 0, 1, 0, 0) 4
1 (0, 0, 0, 0, 1) 8
2 (1, 0, 0, 1, 0) 16
3 (1, 2, 0, 0, 0) 32
3 (0, 1, 2, 0, 0) 64
3 (0, 0, 1, 0, 2) 128
5 (2, 0, 0, 2, 1) 256
8 (3, 4, 0, 1, 0) 512
9 (1, 4, 4, 0, 0) 1024
9 (0, 1, 4, 0, 4) 2048
13 (4, 0, 1, 4, 4) 4096
21 (8, 8, 0, 4, 1) 8192
26 (5, 12, 8, 1, 0) 16384
27 (1, 6, 12, 0, 8) 32768
35 (8, 1, 6, 8, 12) 65536
55 (20, 16, 1, 12, 6) 131072
73 (18, 32, 16, 6, 1) 262144
80 (7, 24, 32, 1, 16) 524288
97 (17, 8, 24, 16, 32) 1048576
145 (48, 33, 8, 32, 24) 2097152
201 (56, 80, 33, 24, 8) 4194304
233 (32, 80, 80, 8, 33) 8388608
274 (41, 40, 80, 33, 80) 16777216
387 (113, 74, 40, 80, 80) 33554432
547 (160, 193, 74, 80, 40) 67108864
667 (120, 240, 193, 40, 74) 134217728
781 (114, 160, 240, 74, 193) 268435456
1048 (267, 188, 160, 193, 240) 536870912
1481 (433, 460, 188, 240, 160) 1073741824
1881 (400, 673, 460, 160, 188) 2147483648
2229 (348, 560, 673, 188, 460) 4294967296
2877 (648, 536, 560, 460, 673) 8589934592
4010 (1133, 1108, 536, 673, 560) 17179869184
5243 (1233, 1806, 1108, 560, 536) 34359738368
6339 (1096, 1793, 1806, 536, 1108) 68719476736
7983 (1644, 1632, 1793, 1108, 1806) 137438953472
10897 (2914, 2752, 1632, 1806, 1793) 274877906944
14496 (3599, 4720, 2752, 1793, 1632) 549755813888
17921 (3425, 5392, 4720, 1632, 2752) 1099511627776
22305 (4384, 5057, 5392, 2752, 4720) 2199023255552
29777 (7472, 7136, 5057, 4720, 5392) 4398046511104
39889 (10112, 12192, 7136, 5392, 5057) 8796093022208
50338 (10449, 15504, 12192, 5057, 7136) 17592186044416
62531 (12193, 15506, 15504, 7136, 12192) 35184372088832
81859 (19328, 19329, 15506, 12192, 15504) 70368744177664
109555 (27696, 31520, 19329, 15504, 15506) 140737488355328
140565 (31010, 43200, 31520, 15506, 19329) 281474976710656
175400 (34835, 46516, 43200, 19329, 31520) 562949953421312
226249 (50849, 54164, 46516, 31520, 43200) 1125899906842624
300969 (74720, 82369, 54164, 43200, 46516) 2251799813685248
390685 (89716, 117920, 82369, 46516, 54164) 4503599627370496
491365 (100680, 136232, 117920, 54164, 82369) 9007199254740992
627898 (136533, 154844, 136232, 82369, 117920) 18014398509481984
828187 (200289, 218902, 154844, 117920, 136232) 36028797018963968
1082339 (254152, 318209, 218902, 136232, 154844) 72057594037927936
1373415 (291076, 390384, 318209, 154844, 218902) 144115188075855872
1747161 (373746, 445920, 390384, 218902, 318209) 288230376151711744
2284272 (537111, 592648, 445920, 318209, 390384) 576460752303423488
2992865 (708593, 855320, 592648, 390384, 445920) 1152921504606846976
3829169 (836304, 1098977, 855320, 445920, 592648) 2305843009213693952
4867737 (1038568, 1282224, 1098977, 592648, 855320) 4611686018427387904
6315705 (1447968, 1631216, 1282224, 855320, 1098977) 9223372036854775808
8270002 (1954297, 2303288, 1631216, 1098977, 1282224) 18446744073709551616
10651203 (2381201, 3053274, 2303288, 1282224, 1631216) 36893488147419103232
13564643 (2913440, 3663425, 3053274, 1631216, 2303288) 73786976294838206464
17499147 (3934504, 4544656, 3663425, 2303288, 3053274) 147573952589676412928
22855709 (5356562, 6237792, 4544656, 3053274, 3663425) 295147905179352825856
29572408 (6716699, 8409836, 6237792, 3663425, 4544656) 590295810358705651712
37780489 (8208081, 10380124, 8409836, 4544656, 6237792) 1180591620717411303424
48562937 (10782448, 12752737, 10380124, 6237792, 8409836) 2361183241434822606848
63210565 (14647628, 17020240, 12752737, 8409836, 10380124) 4722366482869645213696
82000525 (18789960, 23057464, 17020240, 10380124, 12752737) 9444732965739290427392
105133386 (23132861, 29170084, 23057464, 12752737, 17020240) 18889465931478580854784
134906363 (29772977, 35885598, 29170084, 17020240, 23057464) 37778931862957161709568
174984067 (40077704, 46793217, 35885598, 23057464, 29170084) 75557863725914323419136
227211615 (52227548, 63135168, 46793217, 29170084, 35885598) 151115727451828646838272
292267297 (65055682, 81397632, 63135168, 35885598, 46793217) 302231454903657293676544
374946112 (82678815, 100941280, 81397632, 46793217, 63135168) 604462909807314587353088
484874497 (109928385, 129472032, 100941280, 63135168, 81397632) 1208925819614629174706176
629407297 (144532800, 173063553, 129472032, 81397632, 100941280) 2417851639229258349412352
811746209 (182338912, 225930432, 173063553, 100941280, 129472032) 4835703278458516698824704
1042159521 (230413312, 283280192, 225930432, 129472032, 173063553) 9671406556917033397649408
1344695106 (302535585, 359885344, 283280192, 173063553, 225930432) 19342813113834066795298816
1743689091 (398993985, 475599138, 359885344, 225930432, 283280192) 38685626227668133590597632
2252899715 (509210624, 624924417, 475599138, 283280192, 359885344) 77371252455336267181195264
2896065251 (643165536, 792490816, 624924417, 359885344, 475599138) 154742504910672534362390528
3731549733 (835484482, 1003050880, 792490816, 475599138, 624924417) 309485009821345068724781056
4832073288 (1100523555, 1311083620, 1003050880, 624924417, 792490816) 618970019642690137449562112
6249488521 (1417415233, 1725447972, 1311083620, 792490816, 1003050880) 1237940039285380274899124224
8045030217 (1795541696, 2209906049L, 1725447972, 1003050880, 1311083620) 2475880078570760549798248448
10359164717 (2314134500L, 2798592576L, 2209906049L, 1311083620, 1725447972) 4951760157141521099596496896
13395696309 (3036531592L, 3625218120L, 2798592576L, 1725447972, 2209906049L) 9903520314283042199192993792
17331050330 (3935354021L, 4761979564L, 3625218120L, 2209906049L, 2798592576L) 19807040628566084398385987584
22339548955 (5008498625L, 6145260070L, 4761979564L, 2798592576L, 3625218120L) 39614081257132168796771975168
28763359651 (6423810696L, 7807091201L, 6145260070L, 3625218120L, 4761979564L) 79228162514264337593543950336
37150557335 (8387197684L, 10049028816L, 7807091201L, 4761979564L, 6145260070L) 158456325028528675187087900672
48057796969 (10907239634L, 13149177248L, 10049028816L, 6145260070L, 7807091201L) 316912650057057350374175801344
62010148240 (13952351271L, 17052499704L, 13149177248L, 7807091201L, 10049028816L) 633825300114114700748351602688
